0
65485
65449
65436
65451
65489
4
54
89
100
83
43
65527
65478
65445
65437
65456
65497
13
62
93
99
77
35
65518
65471
65441
65438
65461
65505
22
68
96
97
72
26
65510
65465
65439
65440
65468
65514
30
74
98
95
65
18
65501
65459
65437
65443
65474
65523
39
80
99
91
58
9
65493
65453
65436
65447
65482
65532
47
85
100
87
51
0
65485
65449
65436
65451
65489
4
54
89
100
83
43
65527
65478
65445
65437
65456
65497
13
62
93
99
77
35
65518
65471
65441
65438
65461
65505
22
68
96
97
72
26
65510
65465
65439
65440
65468
65514
30
74
98
95
65
18
65501
65459
65437
65443
65474
65523
39
80
99
91
58
9
65493
65453
65436
65447
65482
65531
47
85
100
87
51
0
65485
65449
65436
65451
65489
4
54
89
100
83
43
65527
65478
65445
65437
65456
65497
13
61
93
99
77
35
65519
65471
65442
65438
65461
65505
22
68
96
97
72
26
65510
65465
65439
65440
65468
65514
30
74
98
95
65
18
65501
65459
65437
65443
65474
65523
39
80
99
91
58
9
65493
65453
65436
65447
65481
65531
47
85
100
87
51
0
65486
65449
65436
65451
65489
4
54
89
100
83
43
65527
65478
65445
65437
65456
65497
13
61
93
99
78
35
65519
65471
65442
65438
65461
65505
22
68
96
97
72
26
65510
65465
65439
65440
65468
65514
30
74
98
95
65
18
65502
65459
65437
65443
65474
65523
39
80
99
91
58
9
65493
65453
65436
65446
65481
65531
47
85
100
87
51
0
65486
65449
65436
65451
65489
4
54
89
100
83
43
65527
65478
65445
65437
65456
65497
13
61
93
99
78
35
65519
65471
65442
65438
65461
65505
22
68
96
97
72
26
65510
65465
65439
65440
65467
65514
30
74
98
95
65
18
65502
65459
65437
65443
65474
65522
39
80
99
91
58
9
65493
65453
65436
65446
65481
65531
47
85
100
87
51
0
65486
65449
65436
65451
65489
4
54
89
100
83
43
65527
65478
65445
65437
65456
65497
13
61
93
99
78
35
65519
65471
65442
65438
65461
65505
22
68
96
97
72
27
65510
65465
65439
65440
65467
65514
30
74
98
95
65
18
65502
65459
65437
65443
65474
65522
38
80
99
91
58
9
65494
65454
65436
65446
65481
65531
46
85
100
88
51
0
65486
65449
65436
65451
65489
4
54
89
100
83
43
65528
65478
65445
65437
65456
65497
13
61
93
99
78
35
65519
65471
65442
65438
65461
65505
22
68
96
97
72
27
65510
65465
65439
65440
65467
65514
30
74
98
95
65
18
65502
65459
65437
65443
65474
65522
38
80
99
91
58
9
65494
65454
65436
65446
65481
65531
46
85
100
88
51
0
65486
65449
65436
65451
65489
4
54
89
100
83
43
65528
65478
65445
65437
65456
65497
13
61
93
99
78
35
65519
65471
65442
65438
65461
65505
22
68
96
97
72
27
65510
65465
65439
65440
65467
65514
30
74
98
95
65
18
65502
65459
65437
65443
65474
65522
38
80
99
91
58
9
65494
65454
65436
65446
65481
65531
46
85
100
88
51
0
65486
65449
65436
65451
65489
4
54
89
100
83
43
65528
65478
65445
65437
65456
65497
13
61
93
99
78
35
65519
65471
65442
65438
65461
65505
21
68
96
97
72
27
65510
65465
65439
65440
65467
65514
30
74
98
95
65
18
65502
65459
65437
65443
65474
65522
38
80
99
92
58
9
65494
65454
65436
65446
65481
65531
46
85
100
88
51
1
65486
65449
65436
65451
65489
4
54
89
100
83
43
65528
65478
65445
65437
65456
65497
13
61
93
99
78
35
65519
65471
65442
65438
65461
65505
21
68
96
97
72
27
65510
65465
65439
65440
65467
65513
30
74
98
95
65
18
65502
65459
65437
65443
65474
65522
38
80
99
92
59
9
65494
65454
65436
65446
65481
65531
46
85
100
88
51
1
65486
65449
65436
65451
65489
4
54
89
100
83
43
65528
65478
65445
65437
65456
65497
13
61
93
99
78
35
65519
65471
65442
65438
65461
65505
21
68
96
97
72
27
65510
65465
65439
65440
65467
65513
30
74
98
95
66
18
65502
65459
65437
65443
65474
65522
38
80
99
92
59
9
65494
65454
65436
65446
65481
65531
46
85
100
88
51
1
65486
65449
65436
65451
65489
4
54
89
100
83
43
65528
65478
65445
65437
65455
65497
13
61
93
99
78
35
65519
65471
65442
65438
65461
65505
21
68
96
97
72
27
65510
65465
65439
65440
65467
65513
30
74
98
95
66
18
65502
65459
65437
65443
65474
65522
38
80
99
92
59
10
65494
65454
65436
65446
65481
65531
46
85
100
88
51
1
65486
65449
65436
65451
65489
4
54
89
100
83
43
65528
65479
65445
65437
65455
65497
13
61
93
99
78
35
65519
65472
65442
65438
65461
65505
21
68
96
97
72
27
65510
65465
65439
65440
65467
65513
30
74
98
95
66
18
65502
65459
65437
65443
65474
65522
38
80
99
92
59
10
65494
65454
65436
65446
65481
65531
46
85
100
88
51
1
65486
65449
65436
65450
65489
4
54
89
100
83
44
65528
65479
65445
65437
65455
65496
12
61
93
99
78
35
65519
65472
65442
65438
65461
65505
21
68
96
97
72
27
65511
65465
65439
65440
65467
65513
30
74
98
95
66
18
65502
65459
65437
65443
65474
65522
38
80
99
92
59
10
65494
65454
65436
65446
65481
65531
46
85
100
88
51
1
65486
65449
65436
65450
65488
4
54
89
100
83
44
65528
65479
65445
65437
65455
65496
12
61
93
99
78
35
65519
65472
65442
65438
65461
65505
