0
0
0
0
0
0
0
144
-1
-1
-1
-1
-1
-1
-1
-1
-130
84
157
-73
-184
57
210
-36
-233
9
254
23
-270
-59
282
98
-289
-141
289
186
-282
-232
268
279
-247
-324
219
367
-183
-407
141
443
-91
-473
36
496
25
-513
-90
521
158
-520
-228
509
300
-489
-371
459
439
-418
-505
368
566
-308
-621
240
668
-164
-707
80
735
9
-753
-103
759
200
-753
-298
734
396
-702
-492
657
585
-599
-672
529
752
-447
-823
354
883
-252
-932
141
968
-24
-989
-98
996
223
-987
-349
961
474
-919
-596
862
713
-788
-822
700
922
-597
-1011
481
1087
-355
-1148
218
1192
-74
-1219
-75
1228
228
-1218
-382
1188
534
-1139
-682
1070
823
-983
-956
878
1077
-757
-1184
621
1276
-471
-1350
310
1406
-141
-1440
-35
1453
215
-1444
-396
1412
574
-1358
-748
1281
915
-1182
-1071
1063
1214
-925
-1341
770
1450
-599
-1539
416
1606
-222
-1650
21
1669
185
-1663
-391
1631
596
-1573
-796
1490
987
-1383
-1167
1252
1332
-1099
-1479
927
1607
-737
-1712
533
1792
-317
-1847
92
1874
138
-1873
-370
1843
600
-1784
-824
1697
1040
-1583
-1243
1442
1430
-1277
-1599
1090
1745
-884
-1867
661
1962
-424
-2029
177
2065
76
-2071
-331
2045
585
-1987
-834
1898
1073
-1779
-1299
1631
1509
-1457
-1698
1257
1864
-1036
-2003
796
2114
-541
-2194
275
2241
-1
-2255
-277
2235
553
-2180
-825
2092
1087
-1970
-1335
1817
1567
-1635
-1777
1426
1962
-1193
-2120
939
2247
-667
-2341
383
2400
-90
-2424
-208
2411
505
-2361
-798
2275
1082
-2154
-1352
1998
1604
-1811
-1835
1594
2039
-1351
-2215
1085
2359
-800
-2468
500
2541
-190
-2576
-126
2572
442
-2528
-755
2447
1059
-2327
-1349
2171
1622
-1981
-1872
1759
2096
-1508
-2289
1233
2450
-937
-2575
624
2661
-300
-2708
-32
2715
366
-2680
-696
2604
1019
-2488
-1328
2334
1619
-2143
-1888
1918
2130
-1663
-2342
1381
2519
-1076
-2660
753
2761
-416
-2821
71
2838
277
-2813
-624
2745
963
-2635
-1289
2485
1598
-2295
-1885
2071
2144
-1813
-2373
1527
2567
-1216
-2723
884
2839
-538
-2912
182
2942
179
-2928
-539
2869
893
-2766
-1234
2621
1559
-2436
-1862
2213
2138
-1955
-2383
1667
2592
-1353
-2764
1016
2895
-663
-2982
298
3025
73
-3022
-444
2973
809
-2879
-1164
2742
1503
-2562
-1820
2343
2111
-2088
-2371
1801
2596
-1485
-2783
1146
2928
-788
-3029
418
3085
-40
-3094
-340
3057
715
-2973
-1081
2845
1432
-2673
-1762
2460
2066
-2210
-2339
1925
2578
-1611
-2779
1272
2938
-913
-3053
539
3122
-156
-3145
-229
3120
612
-3047
-987
2929
1347
-2766
-1687
2561
2003
-2317
-2289
2038
2540
-1728
-2754
1391
2926
-1033
-3055
659
3137
-274
-3172
-115
3160
502
-3099
-883
2992
1250
-2840
-1599
2645
1924
-2410
-2220
2138
2482
-1834
-2708
1502
2892
-1148
-3033
776
3129
-392
-3177
2
3177
387
-3130
-771
3035
1143
-2894
-1498
2710
1830
-2485
-2134
2223
2406
-1927
-2642
1603
2838
-1254
-2990
887
3098
-507
-3159
119
3172
270
-3137
-654
3055
1028
-2927
-1387
2755
1723
-2542
-2034
2291
2313
-2006
-2557
1691
2763
-1351
-2926
991
3045
-617
-3117
234
3143
152
-3121
-534
3053
908
-2938
-1267
2780
1606
-2580
-1920
2341
2205
-2068
-2456
1764
2669
-1435
-2841
1085
2970
-719
-3054
344
3092
35
-3083
-413
3028
783
-2927
-1141
2782
1480
-2596
-1796
2372
2083
-2113
-2338
1822
2557
-1506
-2737
1167
2875
-813
-2969
448
3018
-77
-3022
-293
2980
658
-2893
-1011
2763
1347
-2592
-1662
2383
1950
-2138
-2207
1863
2430
-1561
-2616
1237
2761
-896
-2864
543
2923
-183
-2938
-177
2909
533
-2836
-879
2721
1210
-2565
-1521
2372
1807
-2144
-2065
1885
2290
-1599
-2479
1291
2630
-965
-2740
627
2808
-281
-2834
-67
2817
411
-2757
-748
2657
1071
-2517
-1375
2340
1657
-2129
-1912
1888
2137
-1620
-2328
1329
2482
-1021
-2598
699
2674
-369
-2709
36
2703
295
-2657
-619
2571
931
-2447
-1227
2287
1502
-2094
-1752
1871
1974
-1621
-2164
1350
2320
-1060
-2440
757
2522
-445
-2565
129
2570
186
-2535
-495
2463
795
-2355
-1079
2212
1344
-2037
-1587
1833
1804
-1603
-1991
1352
2147
-1082
-2268
799
2354
-507
-2404
211
2418
86
-2394
-379
2335
662
-2242
-933
2115
1186
-1958
-1419
1774
1628
-1565
-1810
1334
1963
-1087
-2084
825
2173
-555
-2228
279
2248
-2
-2235
-271
2188
536
-2108
-791
1998
1030
-1859
-1251
1694
1449
-1506
-1624
1297
1771
-1072
-1890
834
1979
-586
-2037
333
2063
-78
-2058
-174
2022
419
-1956
-655
1861
878
-1740
-1084
1594
1270
-1427
-1434
1240
1575
-1038
-1689
823
1776
-600
-1835
371
1865
-140
-1866
-89
1839
313
-1785
-528
1705
732
-1601
-921
1474
1092
-1327
-1244
1163
1375
-985
-1482
794
1565
-596
-1623
392
1655
-186
-1661
-18
1642
218
-1599
-411
1532
594
-1443
-764
1335
918
-1209
-1056
1067
1174
-912
-1272
746
1349
-573
-1403
395
1435
-216
-1444
37
1432
138
-1397
-306
1343
466
-1269
-615
1178
750
-1071
-871
951
975
-819
-1062
679
1130
-532
-1179
381
1209
-228
-1219
76
1210
72
-1183
-215
1139
350
-1079
-476
1004
591
-916
-693
817
780
-708
-853
592
911
-471
-952
347
977
-222
-987
98
980
23
-959
-139
923
248
-875
-349
815
441
-744
-522
665
592
-579
-649
488
693
-393
-725
295
744
-198
-750
103
744
-10
-726
-78
697
160
-659
-236
612
303
-558
-362
498
411
-433
-451
365
480
-296
-500
225
510
-156
-511
89
503
-25
-487
-34
463
89
-434
-137
398
179
-359
-213
316
241
-272
-261
226
274
-181
-280
137
279
-96
-273
57
261
-22
-244
-8
224
34
-200
-54
175
69
-148
-79
122
83
-96
-82
72
76
-51
-67
32
53
-18
-37
7
19
-1
0
