1154
1358
1154
1084
1372
1347
1118
1329
1494
1204
1239
1578
1382
1195
1518
1571
1242
1414
1745
1438
1341
1745
1654
1303
1631
1898
1499
1534
1978
1739
1387
1870
1989
1553
1698
2197
1757
1514
2115
2066
1547
1963
2327
1795
1726
2381
2098
1585
2269
2488
1701
2002
2618
2045
1754
2496
2530
1773
2289
2789
2018
2039
2923
2535
1875
2655
2933
2027
2304
3151
2472
2037
3028
2925
1996
2676
3330
2398
2302
3407
2901
2046
3174
3410
2252
2752
3665
2764
2347
3600
3364
2260
3156
3780
2618
2613
3929
3268
2378
3744
3842
2447
3119
4205
3066
2638
3987
3753
2430
3461
4288
2868
2932
4501
3445
2568
4124
4209
2783
3515
4706
3239
2928
4685
4122
2746
4150
4825
3039
3521
5048
3895
3064
4781
4577
2936
4154
5154
3571
3514
5238
4312
3091
4773
5092
3363
4160
5443
3981
3400
5311
4844
3268
4565
5651
3580
3926
5795
4531
3455
5316
5339
3502
4378
5981
4219
3778
5914
5165
3442
5302
5870
3826
4436
6331
4721
3798
5831
5683
3634
5041
6421
4211
4309
6462
5275
3872
5863
6262
3951
5005
6857
4732
4284
6466
5910
3952
5822
6641
4450
4917
6921
5431
4169
6468
6562
4316
5606
7119
4995
4492
7159
6124
4201
6549
7034
4442
5466
7281
5435
4604
7170
6502
4372
6092
7390
4965
5052
7716
6026
4379
7034
7153
4616
5968
7793
5329
4900
7580
6670
4576
6840
7617
4983
5674
7970
6110
4853
7504
7304
4723
6497
7990
5497
5523
8154
6589
4769
7384
7771
5184
6459
8398
5859
5326
8059
7077
4942
7239
8109
5289
6164
8426
6467
5257
8035
7709
5097
6974
8595
5793
6049
8670
6994
5290
7818
8245
5394
6757
8783
6272
5583
8675
7586
5205
7689
8470
5570
6417
8798
6846
5504
8442
8151
5356
7355
9016
6014
6271
8956
7155
5599
8190
8556
5674
6915
9035
6418
5872
8957
7739
5464
7867
8740
5979
6759
9148
7044
5702
8645
8223
5567
7619
9114
6451
6262
9100
7471
5553
8586
8716
5784
7180
9317
6698
6182
9216
8103
5610
7922
9072
6194
6760
9459
7318
5825
8812
8430
5715
7553
9427
6455
6317
9368
7788
5792
8435
9109
5859
6995
9441
6980
6035
9093
8302
5618
7863
9236
6273
6513
9438
7436
5600
8695
8695
5841
7471
9506
6667
6011
9240
7987
5622
8185
9079
5926
6772
9487
7141
5907
8913
8445
5500
7681
9338
6359
6309
9384
7509
5605
8589
8778
5793
7086
9489
6615
5999
9155
8219
5493
8090
8927
5955
6751
9284
7202
5718
8570
8374
5530
7373
9363
6316
6196
9066
7473
5387
8423
8592
5636
6974
9235
6517
5943
8810
7804
5423
7711
8724
6048
6450
8975
6994
5394
8375
8239
5478
7149
8964
5969
5788
8949
7153
5289
8067
8229
5445
6674
8923
6235
5431
8524
7530
5050
7467
8534
5621
6154
8678
6569
5215
8041
7941
5056
6600
8627
5622
5710
8376
7109
4970
7390
8056
5159
6168
8407
6063
5141
7992
7175
4877
6985
8041
5278
5829
8052
6474
4899
7572
7281
4817
6356
8097
5445
5306
7941
6487
4693
7014
7478
4815
5797
7711
5590
4926
7473
6702
4576
6444
7389
5006
5282
7657
5908
4493
6759
6993
4472
5738
7458
5175
4714
7177
6156
4337
6313
6980
4429
5127
7364
5342
4325
6721
6206
4138
5833
6861
4670
4637
6901
5357
4121
6152
6424
4105
5116
6577
4776
4256
6595
5544
3826
5546
6396
4030
4680
6634
4740
3938
6061
5686
3715
5218
6175
4085
4233
6184
4894
3646
5542
5622
3566
4655
5994
4175
3812
5691
4936
3464
5067
5521
3672
4093
5723
4185
3557
5357
4907
3275
4570
5333
3620
3803
5411
4156
3239
4870
4899
3171
4127
5158
3603
3385
5009
4214
3039
4427
4743
3065
3713
4980
3541
3095
4582
4120
2878
4030
4505
3014
3297
4536
3552
2788
4194
4039
2691
3561
4383
2978
2966
4246
3443
2574
3792
3976
2606
3153
4076
2917
2671
3866
3426
2448
3365
3736
2501
2825
3794
2942
2344
3416
3294
2290
2971
3525
2464
2434
3483
2825
2153
3126
3136
2138
2632
3269
2371
2207
3136
2699
1956
2779
3023
2011
2281
2979
2277
1954
2798
2572
1811
2380
2796
1937
1987
2759
2193
1689
2461
2456
1684
2074
2515
1828
1718
2419
2085
1525
2111
2271
1556
1768
2324
1748
1483
2136
1978
1381
1834
2103
1437
1524
2053
1676
1298
1854
1814
1256
1546
1923
1318
1301
1792
1515
1154
1597
1628
1137
1322
1664
1235
1098
1556
1387
997
1339
1488
1022
1109
1456
1110
919
1320
1249
872
1118
1295
908
922
1242
1025
786
1105
1091
765
935
1117
795
765
1045
893
684
907
925
669
744
935
708
625
847
763
558
747
782
566
605
756
606
501
693
640
456
581
656
476
474
615
494
404
549
518
374
442
517
380
366
476
397
313
404
409
296
334
395
299
272
356
310
235
296
306
224
238
290
224
196
247
230
169
210
217
162
165
200
159
133
168
153
114
133
142
107
103
124
103
81
100
93
69
75
84
62
58
68
57
43
51
49
34
36
39
29
24
29
23
16
19
17
12
11
11
7
7
6
4
3
2
2
1
0
0
0
0
0
0
0
0
2
2
2
3
4
6
8
7
9
13
14
14
16
20
20
25
29
32
29
39
42
40
43
57
56
55
67
75
66
73
91
86
82
101
111
95
114
128
123
116
146
153
134
155
182
153
165
203
198
182
217
229
205
207
262
250
223
269
292
249
267
327
298
286
351
352
307
352
404
367
359
433
427
374
423
488
407
442
502
482
458
513
556
501
537
596
552
533
635
626
555
654
671
597
648
720
695
652
778
773
679
734
828
747
759
893
850
777
889
925
814
884
1036
917
891
1010
1032
876
1032
1135
991
998
1186
1078
977
1195
1226
1050